image_width: 1440
image_height: 1080
camera_name: firefly_dl
camera_matrix:
  rows: 3
  cols: 3
  data: [1200.587915, 0.000000, 779.521394, 0.000000, 1206.076109, 484.659527, 0.000000, 0.000000, 1.000000]
distortion_model: plumb_bob
distortion_coefficients:
  rows: 1
  cols: 5
  data: [-0.448628, 0.185547, -0.001541, -0.014083, 0.000000]
rectification_matrix:
  rows: 3
  cols: 3
  data: [1.000000, 0.000000, 0.000000, 0.000000, 1.000000, 0.000000, 0.000000, 0.000000, 1.000000]
projection_matrix:
  rows: 3
  cols: 4
  data: [976.483643, 0.000000, 767.395269, 0.000000, 0.000000, 1079.321167, 469.238888, 0.000000, 0.000000, 0.000000, 1.000000, 0.000000]