image_width: 1440
image_height: 1080
camera_name: firefly_dl
camera_matrix:
  rows: 3
  cols: 3
  data: [1145.354910, 0.000000, 726.703461, 0.000000, 1146.573579, 447.668926, 0.000000, 0.000000, 1.000000]
distortion_model: plumb_bob
distortion_coefficients:
  rows: 1
  cols: 5
  data: [-0.399196, 0.167849, 0.001414, -0.000697, 0.000000]
rectification_matrix:
  rows: 3
  cols: 3
  data: [1.000000, 0.000000, 0.000000, 0.000000, 1.000000, 0.000000, 0.000000, 0.000000, 1.000000]
projection_matrix:
  rows: 3
  cols: 4
  data: [943.411133, 0.000000, 726.949621, 0.000000, 0.000000, 1025.003418, 428.698876, 0.000000, 0.000000, 0.000000, 1.000000, 0.000000]